Distance Matrix (rows/cols: 0=depot, 1..n=customers):
           0      1      2      3      4      5      6      7      8      9     10     11     12     13     14     15     16     17     18     19     20     21     22     23     24     25     26     27     28     29     30     31     32     33     34     35     36     37     38     39     40     41     42     43     44     45     46     47     48     49     50     51     52     53     54     55     56     57     58     59     60     61     62     63     64     65     66     67     68     69     70     71     72     73     74     75     76     77     78     79     80     81     82     83     84     85     86     87     88     89     90     91     92     93     94     95     96     97     98     99    100
   0    0.00  15.23  18.00  22.36  25.00  20.62  11.18  21.21  26.25  32.02  25.50  33.54  15.00  11.18  32.02  30.41  29.15  30.41  15.81  32.02  31.62  18.03  26.93  36.06  30.00  33.54  11.18   5.00   6.32  29.83  25.50  17.46  34.00  24.76  36.06  41.04  41.40  21.21  42.43  33.97  11.18  28.86  25.50  34.18  31.89  29.15  35.47  34.21  27.80  43.93  16.97  26.93  11.31   4.47  22.80  30.46  29.21  23.19   9.06  17.80  18.03  25.50  25.50  34.93  46.52  49.93  40.50  43.86  21.38  12.17  21.10  39.66  22.47  20.12  24.60  27.78  15.65  19.70  31.06  25.55  21.10  27.59  23.32  21.10  24.33  23.02  35.36  18.38  19.24   9.00  32.25  25.61  18.38  20.25  12.04  14.87  15.26  17.20  21.26  17.49  24.04
   1   15.23   0.00  32.56  14.56  32.20  32.20  24.84  21.02  31.58  17.80  15.56  26.40  16.64  26.40  46.87  45.35  42.45  40.71  22.85  28.23  16.49  29.27  39.20  46.17  27.78  37.64  19.42  10.82  12.00  24.04  11.05  10.44  20.88  12.37  24.74  27.20  40.52  35.81  56.85  41.59  24.02  42.01  40.72  49.40  46.10  36.69  39.01  33.73  28.16  39.82   6.32  12.04  15.23  18.44  25.61  34.06  38.90  38.08  23.54  32.02  28.30  38.29  19.24  24.41  38.21  35.00  25.30  51.11  18.03   4.47   8.06  24.84  33.54  32.14  36.35  38.83  10.63  13.42  20.22  16.03  19.21  14.87  26.08  29.55  34.99  36.80  48.27  33.62  15.30  20.52  20.59  39.70  33.02  33.97  26.63  29.68  29.07  32.25  35.61  31.14  38.60
   2   18.00  32.56   0.00  34.41  20.22  23.85  16.40  36.25  36.07  47.42  43.29  50.29  23.43   9.43  21.19  13.00  25.18  32.70  27.46  47.42  49.03  10.44  12.21  23.32  34.99  30.15  16.40  23.00  20.88  38.29  43.29  35.23  52.00  39.36  48.41  55.57  54.20  15.30  32.31  25.50   9.43  12.21  12.08  18.44  24.19  35.81  45.28  47.43  41.34  58.67  32.31  43.32  27.20  14.14  25.06  28.64  18.68   5.83   9.06  15.65  24.76  24.04  42.45  52.61  63.25  65.80  57.72  34.18  30.41  30.07  39.05  55.54  12.04   9.00  11.70  15.23  28.65  31.62  43.60  38.01  29.00  42.06  36.06  29.00  27.78  19.65  31.02   7.07  36.14  20.12  50.16  20.10  13.93  18.38  13.45  12.21  16.40  10.77  16.49  17.49  17.03
   3   22.36  14.56  34.41   0.00  25.00  42.72  33.54  35.36  45.04  15.00  29.15  40.31  11.18  32.02  53.15  47.17  51.48  52.20  35.36  42.72  22.36  26.93  36.40  40.00  14.14  26.93  18.03  20.62  16.12   9.49  21.21  25.00  31.24   7.28  14.14  21.54  55.08  43.01  64.03  33.38  25.00  40.16  45.28  52.80  53.82  49.50  53.08  48.27  42.58  54.13   8.25  14.32  28.07  22.80  16.12  23.41  33.06  40.22  26.87  39.96  39.56  47.85  33.62  36.88  51.22  32.76  28.64  41.76   6.08  18.11  21.10  23.09  30.08  30.08  33.24  34.53   6.71   2.83   9.22   3.61   8.06   9.00  40.05  41.77  46.17  45.28  57.71  38.18  29.83  30.68  32.56  47.71  40.22  42.54  34.13  36.62  37.59  38.42  43.27  39.82  45.80
   4   25.00  32.20  20.22  25.00   0.00  41.23  31.62  46.10  50.54  40.00  47.17  57.01  15.81  25.50  41.23  29.15  45.00  50.99  40.31  56.57  46.10  10.00  14.14  15.00  18.03  10.00  14.14  28.28  22.02  23.77  42.72  40.00  52.92  32.06  36.40  45.71  66.40  35.00  52.20   9.43  15.81  18.38  32.02  36.24  44.41  52.20  59.94  59.20  52.80  68.59  28.16  38.47  36.24  21.10   9.22   8.54   8.25  24.35  19.92  34.23  40.50  43.19  49.04  56.44  69.63  57.43  53.34  19.21  19.03  32.45  40.25  48.04   8.94  11.40  11.40  10.82  22.80  23.09  32.56  28.07  17.03  34.00  48.26  44.38  45.35  39.05  51.04  27.07  43.19  32.65  52.77  40.01  33.06  37.22  29.83  30.27  33.73  30.02  36.01  35.51  37.05
   5   20.62  32.20  23.85  42.72  41.23   0.00  10.00  20.62  13.93  50.00  33.54  35.36  35.36  15.81  20.00  29.15  11.18  10.00  11.18  30.00  46.10  31.62  36.06  47.17  50.25  50.99  30.00  22.36  26.93  50.45  39.05  27.20  43.83  43.91  55.90  59.41  32.70  11.18  26.93  48.47  25.50  35.47  20.12  28.16  16.49  12.04  22.20  26.93  22.09  39.05  36.24  44.05  17.69  22.02  42.01  48.51  42.05  24.76  21.38   8.49   4.47   6.71  29.41  40.80  47.00  66.47  54.82  57.70  41.98  27.80  34.06  56.64  34.93  31.78  35.36  38.95  36.06  40.16  50.99  45.69  41.59  46.65  17.00   7.07   4.12   8.06  16.28  17.69  24.60  12.08  40.31  11.00  10.63   6.71  11.40  11.66   7.62  13.45   9.85   6.40  12.37
   6   11.18  24.84  16.40  33.54  31.62  10.00   0.00  20.62  19.85  42.43  30.41  35.36  25.50   7.07  22.36  25.50  18.03  20.00  11.18  31.62  40.31  22.36  28.28  39.05  40.31  41.23  20.00  14.14  17.46  40.80  33.54  22.80  40.26  35.61  47.17  51.66  37.80  11.18  32.02  39.36  15.81  28.60  18.03  27.07  21.26  20.62  29.21  31.06  25.06  42.49  27.80  36.88  13.15  12.04  32.02  38.64  33.29  19.31  11.70   7.21   8.94  14.32  28.02  39.05  48.05  59.82  49.24  48.88  32.28  20.81  28.64  49.68  26.08  23.02  27.02  30.61  26.83  30.87  42.19  36.72  31.78  38.42  19.72  13.04  14.04  12.04  24.19  12.37  22.02   5.10  37.48  14.87   8.54   9.22   3.16   6.00   4.24   9.00  10.82   6.40  13.89
   7   21.21  21.02  36.25  35.36  46.10  20.62  20.62   0.00  12.21  36.40  14.14  15.00  33.54  26.93  40.31  46.10  31.62  25.00  10.00  11.18  29.15  39.05  47.17  57.01  47.43  54.08  32.02  18.03  24.70  44.72  22.36  11.18  24.21  33.06  45.28  45.54  20.59  30.00  47.43  55.17  32.02  48.30  38.21  47.10  37.11  18.44  18.11  13.42   7.28  22.80  27.17  30.08   9.90  25.50  42.54  50.77  50.33  39.85  28.84  26.02  16.28  27.20   8.94  20.25  27.46  49.93  37.01  65.07  37.64  17.26  18.03  41.15  43.42  40.80  45.22  48.60  30.08  33.73  41.05  37.05  38.28  35.23   5.83  14.32  21.02  28.28  35.78  32.98   6.32  16.16  20.25  31.40  28.07  26.08  23.77  26.48  23.09  29.43  29.02  24.00  32.06
   8   26.25  31.58  36.07  45.04  50.54  13.93  19.85  12.21   0.00  48.10  26.25  24.17  40.79  26.91  33.38  42.94  23.00  13.93  10.44  17.72  41.34  41.88  48.10  58.90  55.58  59.62  37.34  25.18  31.58  54.01  34.48  22.85  36.07  43.93  56.29  57.38  18.79  25.08  38.33  58.83  34.99  48.17  34.01  42.06  29.02   6.40   9.43  13.15   9.49  25.32  37.22  41.79  17.00  29.55  49.04  56.65  53.01  38.01  31.06  21.95  11.40  19.10  20.52  31.06  34.37  62.13  49.20  68.51  46.17  27.29  29.97  53.24  45.80  42.80  46.86  50.45  39.01  43.00  51.79  47.27  46.39  46.32   6.40   7.21  12.04  21.84  25.71  30.81  18.36  17.89  31.89  24.52  24.19  20.62  22.63  24.21  20.00  26.63  23.77  19.72  26.25
   9   32.02  17.80  47.42  15.00  40.00  50.00  42.43  36.40  48.10   0.00  25.00  35.36  25.50  43.01  64.03  60.42  60.21  58.31  40.31  40.00  11.18  41.23  50.99  55.00  26.93  41.23  31.62  28.28  26.93  20.12  15.00  25.30  21.93   8.25  11.18   9.43  53.00  53.15  74.33  48.26  38.08  54.57  57.14  65.37  63.66  53.71  54.34  47.17  42.76  49.65  15.26   6.32  32.76  34.13  31.06  37.85  48.04  53.23  38.95  49.52  46.04  56.08  31.06  29.41  43.46  18.38  14.32  56.29  21.02  22.20  18.44   8.25  44.72  44.38  47.85  49.37  18.97  17.12  10.00  12.17  23.02   6.00  42.06  47.01  52.70  54.45  66.07  49.93  30.08  38.29  25.00  57.28  50.33  51.62  43.93  46.86  46.67  49.20  53.08  48.80  55.97
  10   25.50  15.56  43.29  29.15  47.17  33.54  30.41  14.14  26.25  25.00   0.00  11.18  32.02  35.00  52.20  55.00  44.72  39.05  22.36  15.00  15.81  42.72  52.20  60.42  43.01  53.15  33.54  20.62  25.50  38.47  10.00   8.06  10.30  24.35  35.36  33.38  28.00  41.23  60.42  56.60  36.40  54.34  48.37  57.43  49.77  32.56  30.46  22.36  18.79  25.30  21.40  19.10  17.26  29.83  41.11  49.58  53.23  48.04  34.53  37.11  29.07  40.25   6.32   9.49  22.67  36.24  23.02  66.29  33.42  14.76   8.06  28.16  47.17  45.22  49.65  52.55  26.17  28.60  32.02  29.55  34.71  25.71  19.85  28.02  34.67  40.50  49.40  42.05   8.94  25.32   7.07  43.66  38.83  37.95  33.24  36.35  33.96  39.32  40.52  35.44  43.68
  11   33.54  26.40  50.29  40.31  57.01  35.36  35.36  15.00  24.17  35.36  11.18   0.00  42.43  41.23  55.23  60.83  46.10  38.08  25.00   7.07  25.00  51.48  60.42  69.46  54.08  63.64  43.01  29.15  35.00  49.65  20.62  17.03  15.52  35.47  46.10  43.00  18.68  45.00  61.85  66.40  44.72  62.03  53.15  62.07  51.79  30.41  24.76  15.00  14.76  14.32  32.45  29.83  23.09  38.01  51.62  60.11  62.43  54.34  42.15  41.01  31.14  41.77   8.06   8.06  13.00  43.68  30.08  76.22  44.41  24.76  19.24  37.12  55.95  53.67  58.14  61.29  37.01  39.66  43.01  40.72  45.61  36.69  18.68  28.64  35.17  43.19  49.65  47.68  14.32  30.59  11.18  46.27  43.05  41.05  38.47  41.30  38.05  44.28  44.01  39.00  47.04
  12   15.00  16.64  23.43  11.18  15.81  35.36  25.50  33.54  40.79  25.50  32.02  42.43   0.00  22.36  43.01  36.06  42.72  45.28  30.41  43.01  30.41  15.81  25.50  30.41  15.00  21.21   7.07  15.81   9.22  15.65  26.93  25.50  37.16  17.26  25.00  32.70  54.12  33.54  54.08  25.08  14.14  29.12  34.71  41.87  44.29  44.10  49.73  46.96  40.72  55.00  12.37  23.02  24.35  13.60   9.22  17.69  23.19  29.21  16.64  31.02  33.02  39.56  34.71  41.05  54.67  43.68  38.01  34.48   7.21  17.69  24.70  33.73  19.24  18.97  22.36  24.02   7.07   8.54  20.25  14.76   6.32  19.65  37.00  36.06  39.20  36.40  49.04  27.80  29.41  24.00  37.22  38.48  30.87  33.84  25.30  27.31  29.12  28.65  34.01  31.32  36.24
  13   11.18  26.40   9.43  32.02  25.50  15.81   7.07  26.93  26.91  43.01  35.00  41.23  22.36   0.00  21.21  20.00  20.62  25.50  18.03  38.08  42.72  15.81  21.21  32.02  36.40  35.36  15.81  15.81  16.28  38.01  36.40  27.02  44.28  35.47  46.10  51.86  44.82  11.18  32.02  32.70  10.00  21.63  14.32  23.09  21.95  27.29  36.24  38.01  31.91  49.24  27.80  38.08  18.25   9.22  27.29  33.06  26.42  13.15   6.08   9.06  15.81  18.03  33.54  44.10  54.12  61.06  51.62  42.06  29.53  23.09  31.78  50.77  19.24  16.12  20.00  23.60  25.50  29.21  41.11  35.47  28.64  38.29  26.63  20.00  19.92  14.32  26.93   7.28  27.29  10.77  42.01  16.16   8.54  12.04   4.47   5.10   8.25   6.40  11.70  10.05  13.89
  14   32.02  46.87  21.19  53.15  41.23  20.00  22.36  40.31  33.38  64.03  52.20  55.23  43.01  21.21   0.00  15.81  11.18  22.36  30.41  50.00  62.65  31.62  30.00  40.31  55.90  50.99  36.06  36.06  37.48  58.52  55.90  44.94  62.30  56.64  67.27  73.00  51.66  11.18  11.18  45.04  29.15  27.17   9.22  10.63   5.66  29.41  40.16  46.53  42.05  58.69  48.92  58.82  35.11  30.41  46.10  49.73  38.05  17.12  26.40  15.23  24.08  14.32  48.84  60.21  67.00  81.84  71.59  52.24  50.22  43.05  50.99  71.61  32.56  29.83  31.14  34.01  46.69  50.33  62.29  56.64  49.09  59.46  37.00  27.02  21.38  12.04  13.60  15.26  43.42  27.31  59.20   9.00  13.89  14.32  20.25  17.20  18.38  14.87  11.70  16.76   8.54
  15   30.41  45.35  13.00  47.17  29.15  29.15  25.50  46.10  42.94  60.42  55.00  60.83  36.06  20.00  15.81   0.00  25.00  35.36  36.40  57.01  61.85  21.21  15.81  25.00  46.10  38.08  29.15  35.36  33.84  50.25  55.90  47.01  64.20  52.33  61.03  68.48  61.72  18.03  25.00  30.81  22.36  12.17   9.22   7.28  21.02  40.80  51.31  55.54  49.98  67.42  45.31  56.30  38.12  26.93  36.12  37.59  24.04   7.28  21.84  21.02  31.78  26.17  53.34  64.07  73.55  78.79  70.60  37.00  42.80  42.58  51.48  68.54  20.25  18.44  17.89  19.92  41.59  44.42  56.30  50.77  41.23  55.01  44.60  35.78  32.20  22.02  29.07  13.15  47.17  30.27  62.01  20.52  18.79  22.47  22.36  19.65  23.41  16.76  19.42  23.26  17.69
  16   29.15  42.45  25.18  51.48  45.00  11.18  18.03  31.62  23.00  60.21  44.72  46.10  42.72  20.62  11.18  25.00   0.00  11.18  22.36  40.31  57.01  35.00  36.40  47.43  57.01  55.00  36.40  32.02  35.36  58.31  50.00  38.28  55.01  53.60  65.19  69.53  40.79  10.00  15.81  50.64  30.41  34.54  16.12  21.40   6.08  18.44  29.12  36.06  32.14  48.17  45.80  54.45  28.60  29.15  47.85  53.08  43.74  23.41  26.68  11.70  15.65   4.47  40.50  51.87  57.22  77.16  65.80  58.94  49.77  38.18  45.00  67.18  37.22  34.13  36.67  40.02  44.78  48.76  60.21  54.71  49.04  56.40  27.46  17.46  11.05   6.32   6.32  18.11  35.78  21.93  51.48   5.10  12.17   8.94  17.46  15.52  13.89  15.03   9.06  11.66   8.25
  17   30.41  40.71  32.70  52.20  50.99  10.00  20.00  25.00  13.93  58.31  39.05  38.08  45.28  25.50  22.36  35.36  11.18   0.00  18.03  31.62  53.15  41.23  44.72  55.90  60.21  60.83  40.00  31.62  36.67  60.21  46.10  34.06  49.20  52.80  65.00  67.74  30.15  18.03  25.00  57.87  35.36  43.57  26.17  32.45  17.09   8.06  18.25  26.17  23.41  38.01  45.31  52.15  25.55  32.02  52.01  58.42  51.26  32.45  31.26  17.09  12.65   9.22  33.84  44.78  48.05  73.88  61.52  66.85  51.79  36.24  41.23  64.40  44.27  41.11  44.38  47.93  45.61  49.73  60.17  55.03  51.48  55.46  19.72  11.40   6.08  13.60  12.04  25.94  30.41  21.59  45.22  14.87  18.79  14.32  21.21  20.88  17.26  21.93  16.64  15.52  17.69
  18   15.81  22.85  27.46  35.36  40.31  11.18  11.18  10.00  10.44  40.31  22.36  25.00  30.41  18.03  30.41  36.40  22.36  18.03   0.00  20.62  35.36  32.02  39.05  49.50  45.28  49.24  26.93  15.00  21.21  44.05  28.28  16.28  32.65  35.11  47.43  49.74  26.91  20.00  38.08  48.83  25.00  39.66  28.28  37.12  27.51  14.14  19.70  20.00  13.89  31.30  27.89  34.13   7.62  19.24  38.60  46.24  43.28  30.46  21.26  16.03   6.71  17.89  18.44  29.83  37.34  55.97  43.93  58.60  36.01  18.38  23.35  46.40  36.12  33.24  37.48  41.01  29.07  33.14  42.72  37.85  36.12  37.70   8.60   6.71  12.73  18.44  27.20  23.41  13.42   7.81  29.15  21.59  18.11  16.12  14.32  16.76  13.15  19.65  19.03  14.00  22.09
  19   32.02  28.23  47.42  42.72  56.57  30.00  31.62  11.18  17.72  40.00  15.00   7.07  43.01  38.08  50.00  57.01  40.31  31.62  20.62   0.00  30.41  50.00  58.31  68.01  55.90  64.03  42.43  28.28  34.71  52.20  25.00  17.89  21.93  38.83  50.25  48.26  13.00  40.31  55.90  65.80  43.01  59.48  48.84  57.56  46.17  23.77  17.69   8.06   8.25  12.04  34.54  34.06  20.81  36.40  52.20  60.61  61.22  50.92  39.96  36.50  26.08  36.12   9.22  15.00  17.00  49.98  36.40  75.69  46.07  25.55  22.36  42.76  54.41  51.87  56.30  59.64  38.47  41.63  46.69  43.68  47.01  40.45  13.00  23.02  29.27  38.01  43.42  43.97  13.60  27.31  17.46  41.00  38.64  36.12  34.79  37.36  33.73  40.26  39.20  34.37  42.11
  20   31.62  16.49  49.03  22.36  46.10  46.10  40.31  29.15  41.34  11.18  15.81  25.00  30.41  42.72  62.65  61.85  57.01  53.15  35.36  30.41   0.00  45.00  55.00  60.83  36.06  49.24  35.00  26.93  28.28  29.83   7.07  19.10  10.77  15.26  22.36  18.00  43.29  51.48  72.11  55.08  40.31  58.08  57.01  65.79  61.29  47.43  46.24  38.08  34.54  39.12  18.11   8.06  28.43  34.93  37.95  45.69  53.60  54.57  40.02  47.51  41.77  52.63  22.14  18.44  32.31  20.81   8.94  63.91  28.23  19.70  12.04  12.37  49.04  48.01  52.01  54.15  23.35  23.41  20.62  20.81  30.08  14.87  34.99  41.77  48.08  51.87  62.37  49.98  23.02  35.51  14.14  54.92  48.76  49.09  42.49  45.62  44.42  48.33  51.11  46.32  54.20
  21   18.03  29.27  10.44  26.93  10.00  31.62  22.36  39.05  41.88  41.23  42.72  51.48  15.81  15.81  31.62  21.21  35.00  41.23  32.02  50.00  45.00   0.00  10.00  18.03  25.00  20.00  10.00  22.36  17.46  29.07  40.31  34.93  50.01  32.98  40.31  48.47  58.73  25.00  42.72  17.00   7.07  13.34  22.47  27.80  34.53  42.95  51.31  51.62  45.25  61.85  27.07  38.21  29.21  13.60  15.00  18.25  11.31  15.26  10.82  24.33  31.30  33.24  43.42  52.20  64.41  59.48  53.15  26.63  21.95  28.16  36.88  49.48   4.47   3.16   7.07   9.85  22.36  24.35  35.78  30.46  20.25  35.44  40.36  35.36  35.74  29.07  41.05  17.12  37.22  24.21  49.04  30.02  23.09  27.29  20.25  20.40  24.04  20.02  26.02  25.71  27.07
  22   26.93  39.20  12.21  36.40  14.14  36.06  28.28  47.17  48.10  50.99  52.20  60.42  25.50  21.21  30.00  15.81  36.40  44.72  39.05  58.31  55.00  10.00   0.00  11.18  32.02  22.36  20.00  31.62  27.29  37.22  50.25  44.27  59.84  42.76  49.24  57.87  65.95  26.93  40.31  15.13  15.81   4.24  21.10  23.09  34.23  48.01  57.38  59.03  52.80  69.89  37.05  48.17  37.59  22.47  22.47  22.20   8.25  13.15  18.36  27.78  36.88  35.85  52.39  61.68  73.41  69.12  63.13  22.56  31.02  37.85  46.69  59.23   6.32   7.07   3.16   4.12  32.25  33.96  44.94  39.85  29.15  45.12  47.63  41.11  39.96  31.38  41.77  18.79  46.10  31.40  58.69  31.32  25.94  30.41  25.50  24.41  28.60  22.83  28.23  29.68  28.16
  23   36.06  46.17  23.32  40.00  15.00  47.17  39.05  57.01  58.90  55.00  60.42  69.46  30.41  32.02  40.31  25.00  47.43  55.90  49.50  68.01  60.83  18.03  11.18   0.00  31.62  18.03  26.93  40.31  34.93  38.08  57.01  52.77  67.05  47.04  50.99  60.53  76.38  38.08  50.00   8.60  25.00  13.15  31.78  32.06  44.91  59.08  68.25  69.35  63.03  79.81  42.76  53.34  47.20  31.62  24.08  19.70   7.28  24.04  28.32  38.95  47.80  47.01  61.40  69.86  82.37  72.34  68.26  12.00  34.01  45.69  54.08  63.03  13.60  16.28  12.04   8.49  37.48  38.05  47.38  43.05  32.02  49.00  58.00  52.01  51.11  42.54  52.63  29.97  55.23  41.73  66.48  42.38  37.12  41.59  36.40  35.51  39.66  34.00  39.40  40.82  39.22
  24   30.00  27.78  34.99  14.14  18.03  50.25  40.31  47.43  55.58  26.93  43.01  54.08  15.00  36.40  55.90  46.10  57.01  60.21  45.28  55.90  36.06  25.00  32.02  31.62   0.00  15.00  20.62  30.41  24.08   7.07  35.36  38.01  45.34  20.81  20.00  30.07  67.78  47.43  67.08  23.54  26.93  36.24  47.01  52.80  57.94  59.08  64.33  60.75  54.71  67.60  21.63  28.02  38.83  28.28  10.00  12.17  25.94  40.22  30.36  45.35  48.01  54.13  47.01  50.99  65.30  42.11  41.23  30.07   9.85  30.46  35.00  33.96  26.17  27.66  29.07  28.84  17.46  14.42  17.46  15.26   9.22  21.47  51.42  51.04  54.15  50.70  63.32  40.72  42.54  39.00  46.69  52.50  44.92  48.27  39.81  41.48  43.74  42.38  48.08  45.89  49.98
  25   33.54  37.64  30.15  26.93  10.00  50.99  41.23  54.08  59.62  41.23  53.15  63.64  21.21  35.36  50.99  38.08  55.00  60.83  49.24  64.03  49.24  20.00  22.36  18.03  15.00   0.00  22.36  36.06  29.41  22.02  47.17  46.69  57.45  34.18  35.00  45.04  74.63  45.00  61.85   9.43  25.50  26.42  41.77  45.31  54.33  61.68  68.94  67.42  61.06  76.06  32.45  41.23  44.42  30.08  12.04   3.61  14.42  33.96  29.61  44.18  50.00  53.15  55.90  62.01  75.82  57.08  55.36  15.13  21.02  38.90  45.61  48.66  18.44  21.21  20.25  18.36  27.20  25.94  32.25  29.12  19.24  35.44  56.82  53.76  55.11  49.04  61.03  37.05  50.45  41.79  58.01  50.01  43.05  47.17  39.62  40.20  43.57  40.01  46.01  45.40  47.04
  26   11.18  19.42  16.40  18.03  14.14  30.00  20.00  32.02  37.34  31.62  33.54  43.01   7.07  15.81  36.06  29.15  36.40  40.00  26.93  42.43  35.00  10.00  20.00  26.93  20.62  22.36   0.00  14.14   8.06  22.47  30.41  26.08  40.26  23.41  32.02  39.36  52.43  26.93  47.17  23.43   7.07  23.19  27.66  34.83  37.58  39.81  46.62  45.22  38.83  54.45  17.12  28.28  22.20   8.06  12.04  19.31  19.70  22.20   9.85  24.74  28.28  33.54  35.00  42.95  55.76  49.98  43.19  33.30  14.21  18.79  27.20  39.85  14.14  13.04  17.03  19.42  12.65  15.26  27.20  21.63  13.04  26.00  34.48  31.78  34.01  30.08  42.72  20.81  29.07  19.65  39.56  31.95  24.35  27.66  19.24  20.88  23.19  21.93  27.51  25.32  29.55
  27    5.00  10.82  23.00  20.62  28.28  22.36  14.14  18.03  25.18  28.28  20.62  29.15  15.81  15.81  36.06  35.36  32.02  31.62  15.00  28.28  26.93  22.36  31.62  40.31  30.41  36.06  14.14   0.00   6.71  29.07  20.62  12.65  29.00  21.63  33.54  37.54  38.59  25.00  46.10  37.54  15.81  33.73  30.08  38.90  35.38  29.07  33.96  31.38  25.06  40.31  13.89  22.80   8.54   9.22  24.60  32.76  33.29  28.16  14.04  21.26  18.97  28.02  21.10  30.08  42.06  45.80  35.85  47.42  21.02   7.28  16.12  35.61  26.83  24.70  29.15  32.20  14.14  18.25  28.64  23.41  21.21  24.41  21.19  21.21  25.63  26.17  38.01  23.09  15.00  10.30  27.29  29.00  22.20  23.35  15.81  18.87  18.38  21.47  24.84  20.52  27.80
  28    6.32  12.00  20.88  16.12  22.02  26.93  17.46  24.70  31.58  26.93  25.50  35.00   9.22  16.28  37.48  33.84  35.36  36.67  21.21  34.71  28.28  17.46  27.29  34.93  24.08  29.41   8.06   6.71   0.00  23.54  23.02  18.03  32.56  19.21  30.00  35.61  45.28  27.02  48.17  31.40  12.04  30.02  30.23  38.47  37.80  35.01  40.52  38.08  31.76  46.75  11.66  22.47  15.23   7.21  17.89  26.08  27.73  26.57  12.08  23.85  24.19  31.78  27.02  34.93  47.71  45.18  36.88  41.23  15.13  10.77  19.42  34.89  21.84  20.22  24.52  27.20   9.43  13.42  25.00  19.42  15.00  22.02  27.86  27.00  30.59  29.15  41.59  23.02  21.21  15.13  31.62  31.62  24.21  26.42  18.03  20.62  21.47  22.63  27.20  23.71  29.83
  29   29.83  24.04  38.29   9.49  23.77  50.45  40.80  44.72  54.01  20.12  38.47  49.65  15.65  38.01  58.52  50.25  58.31  60.21  44.05  52.20  29.83  29.07  37.22  38.08   7.07  22.02  22.47  29.07  23.54   0.00  30.00  34.48  39.62  14.87  13.04  23.02  64.56  49.19  69.64  30.27  29.41  41.34  50.00  56.59  59.94  58.14  62.29  57.72  51.97  63.56  17.72  21.93  37.01  29.15  14.76  19.03  31.95  43.86  32.25  46.62  47.68  55.03  43.08  45.80  60.22  35.06  34.44  37.12   8.54  27.46  30.41  26.93  31.06  32.02  34.13  34.44  15.00  11.05  10.44   9.22   9.43  15.00  49.25  50.25  54.13  52.00  64.62  43.27  39.29  38.64  41.40  54.13  46.52  49.40  40.85  42.95  44.60  44.29  49.66  46.82  51.88
  30   25.50  11.05  43.29  21.21  42.72  39.05  33.54  22.36  34.48  15.00  10.00  20.62  26.93  36.40  55.90  55.90  50.00  46.10  28.28  25.00   7.07  40.31  50.25  57.01  35.36  47.17  30.41  20.62  23.02  30.00   0.00  12.04  10.30  15.26  25.50  23.54  38.00  44.72  65.19  52.00  35.00  53.04  50.60  59.48  54.38  40.50  39.85  32.25  28.16  34.93  14.76   9.22  21.40  29.15  35.36  43.57  49.73  48.66  34.23  40.71  34.71  45.61  16.12  15.81  30.23  27.80  15.81  61.27  26.40  13.34   5.00  18.79  44.55  43.19  47.38  49.82  20.12  21.40  22.47  20.81  28.02  16.16  28.18  34.71  41.01  44.94  55.32  43.68  16.12  28.65  11.40  48.02  42.05  42.19  35.85  39.00  37.59  41.79  44.29  39.45  47.41
  31   17.46  10.44  35.23  25.00  40.00  27.20  22.80  11.18  22.85  25.30   8.06  17.03  25.50  27.02  44.94  47.01  38.28  34.06  16.28  17.89  19.10  34.93  44.27  52.77  38.01  46.69  26.08  12.65  18.03  34.48  12.04   0.00  17.46  22.00  34.13  34.54  30.08  33.84  53.71  49.41  28.46  46.32  40.61  49.65  42.94  28.65  29.27  23.35  18.00  29.68  16.76  18.97   9.85  21.84  34.71  43.19  45.65  40.01  26.48  29.73  22.80  33.84   9.22  17.46  29.68  39.82  27.66  59.20  28.18   7.81   7.21  30.53  39.40  37.34  41.79  44.78  20.59  23.77  30.00  26.31  29.15  24.08  16.76  22.67  29.00  33.54  43.42  34.13   5.00  17.72  15.00  36.67  31.32  30.87  25.50  28.64  26.57  31.58  33.24  28.23  36.40
  32   34.00  20.88  52.00  31.24  52.92  43.83  40.26  24.21  36.07  21.93  10.30  15.52  37.16  44.28  62.30  64.20  55.01  49.20  32.65  21.93  10.77  50.01  59.84  67.05  45.34  57.45  40.26  29.00  32.56  39.62  10.30  17.46   0.00  24.76  33.11  28.28  34.21  51.24  70.68  62.24  44.28  62.39  58.05  67.08  60.01  42.45  39.12  29.97  27.80  29.02  25.06  17.80  27.20  38.05  45.65  53.85  59.77  57.08  43.01  47.13  39.36  50.54  15.56   8.00  21.54  28.16  14.56  71.55  36.62  22.09  13.15  22.02  54.34  52.77  57.07  59.67  30.41  31.62  31.06  30.41  38.28  25.00  29.73  38.28  44.94  50.70  59.68  51.48  19.24  35.17   4.47  53.85  48.76  48.10  42.95  46.10  43.97  49.03  50.60  45.54  53.76
  33   24.76  12.37  39.36   7.28  32.06  43.91  35.61  33.06  43.93   8.25  24.35  35.47  17.26  35.47  56.64  52.33  53.60  52.80  35.11  38.83  15.26  32.98  42.76  47.04  20.81  34.18  23.41  21.63  19.21  14.87  15.26  22.00  24.76   0.00  12.37  16.40  51.62  45.97  67.18  40.61  29.97  46.32  49.41  57.45  56.64  49.04  51.16  45.18  40.00  49.65   7.81   7.21  27.51  26.40  23.35  30.68  40.00  45.18  31.06  42.52  40.25  49.65  29.61  31.06  45.49  26.57  21.38  49.04  13.34  16.76  16.49  16.49  36.50  36.14  39.62  41.19  10.77   9.00   8.00   5.66  15.30   2.83  38.33  41.79  46.96  47.63  59.64  42.20  27.00  31.91  26.63  50.33  43.14  44.82  36.80  39.60  39.82  41.77  46.01  42.01  48.80
  34   36.06  24.74  48.41  14.14  36.40  55.90  47.17  45.28  56.29  11.18  35.36  46.10  25.00  46.10  67.27  61.03  65.19  65.00  47.43  50.25  22.36  40.31  49.24  50.99  20.00  35.00  32.02  33.54  30.00  13.04  25.50  34.13  33.11  12.37   0.00  10.20  63.20  57.01  78.10  43.29  39.05  53.23  59.41  66.84  67.80  61.40  63.39  57.01  52.09  60.42  19.70  16.28  39.85  36.88  27.20  32.06  44.64  54.20  41.01  53.82  52.39  61.40  41.11  40.50  54.63  22.20  24.08  50.04  18.36  29.12  28.02  15.26  42.95  43.42  46.10  46.82  20.62  16.97   5.00  10.63  20.12  10.05  50.64  54.08  59.09  59.08  71.34  52.33  39.12  43.83  36.06  61.61  54.20  56.30  48.01  50.61  51.31  52.50  57.20  53.54  59.82
  35   41.04  27.20  55.57  21.54  45.71  59.41  51.66  45.54  57.38   9.43  33.38  43.00  32.70  51.86  73.00  68.48  69.53  67.74  49.74  48.26  18.00  48.47  57.87  60.53  30.07  45.04  39.36  37.54  35.61  23.02  23.54  34.54  28.28  16.40  10.20   0.00  61.20  62.24  83.45  53.08  46.14  61.68  65.80  73.78  72.84  63.07  63.32  55.73  51.66  57.08  24.08  15.65  42.19  42.80  36.50  42.00  53.94  61.40  47.43  58.69  55.47  65.44  39.62  36.22  49.48  12.04  16.12  60.13  26.93  31.62  27.51   6.71  51.55  51.62  54.71  55.79  26.93  24.17  13.15  18.03  28.86  13.60  51.26  56.44  62.13  63.70  75.43  58.60  39.22  47.63  32.06  66.48  59.41  60.88  53.04  55.90  55.90  58.14  62.23  58.05  65.07
  36   41.40  40.52  54.20  55.08  66.40  32.70  37.80  20.59  18.79  53.00  28.00  18.68  54.12  44.82  51.66  61.72  40.79  30.15  26.91  13.00  43.29  58.73  65.95  76.38  67.78  74.63  52.43  38.59  45.28  64.56  38.00  30.08  34.21  51.62  63.20  61.20   0.00  43.86  55.08  75.29  51.66  66.40  52.80  60.75  46.87  22.36  12.00   7.21  13.60   8.94  46.84  47.04  30.23  45.45  63.13  71.34  70.04  56.60  48.08  40.71  30.02  37.36  22.09  26.57  21.40  62.36  48.76  85.15  57.94  37.34  35.23  55.58  62.94  60.11  64.38  67.90  50.33  53.76  59.54  56.29  58.69  53.34  18.38  25.94  30.36  40.50  42.05  49.40  25.30  34.66  29.83  43.01  42.94  39.40  40.80  42.72  38.59  45.28  42.54  38.47  44.94
  37   21.21  35.81  15.30  43.01  35.00  11.18  11.18  30.00  25.08  53.15  41.23  45.00  33.54  11.18  11.18  18.03  10.00  18.03  20.00  40.31  51.48  25.00  26.93  38.08  47.43  45.00  26.93  25.00  27.02  49.19  44.72  33.84  51.24  45.97  57.01  62.24  43.86   0.00  21.21  40.79  20.62  25.55   8.94  17.26  10.82  22.80  33.29  37.95  32.76  50.00  38.18  47.80  24.04  20.25  38.08  43.10  33.96  14.42  17.09   4.12  14.32   8.94  38.21  49.50  57.22  70.80  60.42  49.34  40.71  31.91  39.81  60.61  27.29  24.19  26.93  30.36  36.40  40.22  52.01  46.40  39.81  48.80  27.46  18.03  14.21   4.47  16.12   8.25  32.56  16.16  48.27   5.10   2.83   4.47   9.22   6.40   7.28   5.10   1.41   6.00   2.83
  38   42.43  56.85  32.31  64.03  52.20  26.93  32.02  47.43  38.33  74.33  60.42  61.85  54.08  32.02  11.18  25.00  15.81  25.00  38.08  55.90  72.11  42.72  40.31  50.00  67.08  61.85  47.17  46.10  48.17  69.64  65.19  53.71  70.68  67.18  78.10  83.45  55.08  21.21   0.00  55.44  40.31  37.05  20.25  18.11  10.82  33.02  43.10  51.09  47.68  63.01  59.40  68.88  43.91  41.23  57.27  60.73  48.51  27.89  37.44  24.84  31.38  20.25  56.30  67.68  72.69  91.83  80.99  62.00  61.29  52.80  60.21  81.69  43.42  40.80  41.77  44.41  57.49  61.22  73.11  67.48  60.21  70.01  43.17  33.24  26.68  20.25  13.04  26.42  51.48  36.62  67.23  17.20  24.04  23.02  30.41  27.59  27.80  25.61  21.26  25.81  18.38
  39   33.97  41.59  25.50  33.38   9.43  48.47  39.36  55.17  58.83  48.26  56.60  66.40  25.08  32.70  45.04  30.81  50.64  57.87  48.83  65.80  55.08  17.00  15.13   8.60  23.54   9.43  23.43  37.54  31.40  30.27  52.00  49.41  62.24  40.61  43.29  53.08  75.29  40.79  55.44   0.00  23.85  18.68  36.00  38.08  49.04  59.93  68.26  68.12  61.72  77.79  37.34  47.30  45.28  29.83  17.26  11.40   7.00  28.00  27.78  40.80  48.30  49.48  58.41  65.86  79.06  65.03  61.98   9.90  27.29  41.88  49.65  56.08  13.60  16.76  14.04  11.05  31.95  31.78  40.01  36.12  25.32  42.30  57.01  52.35  52.55  45.12  56.32  32.56  52.50  41.05  62.18  45.54  39.29  43.68  37.16  37.00  40.85  36.14  41.98  42.38  42.43
  40   11.18  24.02   9.43  25.00  15.81  25.50  15.81  32.02  34.99  38.08  36.40  44.72  14.14  10.00  29.15  22.36  30.41  35.36  25.00  43.01  40.31   7.07  15.81  25.00  26.93  25.50   7.07  15.81  12.04  29.41  35.00  28.46  44.28  29.97  39.05  46.14  51.66  20.62  40.31  23.85   0.00  18.11  20.62  27.80  31.02  36.40  44.42  44.55  38.18  54.82  23.09  34.21  22.20   6.71  17.46  23.09  18.38  15.26   4.12  19.03  24.70  28.02  36.67  45.88  57.70  56.46  48.84  33.60  21.26  22.20  31.14  46.24  11.40   8.94  13.42  16.64  19.24  22.20  34.21  28.60  20.00  32.65  33.30  28.64  29.61  24.19  36.67  13.89  30.41  17.20  42.95  25.71  18.25  22.02  14.14  15.03  18.11  15.52  21.38  20.02  23.09
  41   28.86  42.01  12.21  40.16  18.38  35.47  28.60  48.30  48.17  54.57  54.34  62.03  29.12  21.63  27.17  12.17  34.54  43.57  39.66  59.48  58.08  13.34   4.24  13.15  36.24  26.42  23.19  33.73  30.02  41.34  53.04  46.32  62.39  46.32  53.23  61.68  66.40  25.55  37.05  18.68  18.11   0.00  18.68  19.42  31.78  47.51  57.28  59.64  53.54  70.83  40.31  51.48  39.00  24.52  26.63  26.40  12.08  11.18  19.92  27.02  36.80  34.48  54.08  63.79  75.03  72.80  66.37  25.08  34.93  40.31  49.25  62.82  10.30  10.20   7.21   8.06  35.69  37.64  48.85  43.66  33.11  48.76  48.26  41.04  39.20  30.02  39.56  17.80  47.76  32.25  61.00  29.55  25.00  29.41  25.61  24.04  28.28  22.02  26.93  29.07  26.40
  42   25.50  40.72  12.08  45.28  32.02  20.12  18.03  38.21  34.01  57.14  48.37  53.15  34.71  14.32   9.22   9.22  16.12  26.17  28.28  48.84  57.01  22.47  21.10  31.78  47.01  41.77  27.66  30.08  30.23  50.00  50.60  40.61  58.05  49.41  59.41  65.80  52.80   8.94  20.25  36.00  20.62  18.68   0.00   9.06  13.15  31.62  42.19  46.82  41.48  58.82  41.88  52.35  31.14  23.02  37.12  40.52  29.00   8.00  18.44  12.37  23.09  16.97  46.00  57.08  65.62  75.29  65.92  43.57  41.87  37.34  45.88  65.00  23.35  20.62  22.02  25.02  39.05  42.45  54.49  48.84  40.61  52.20  36.14  26.93  23.02  12.81  20.88   7.21  40.05  23.09  55.44  11.40  10.20  13.42  15.13  12.04  15.13   9.06  10.30  14.56   8.49
  43   34.18  49.40  18.44  52.80  36.24  28.16  27.07  47.10  42.06  65.37  57.43  62.07  41.87  23.09  10.63   7.28  21.40  32.45  37.12  57.56  65.79  27.80  23.09  32.06  52.80  45.31  34.83  38.90  38.47  56.59  59.48  49.65  67.08  57.45  66.84  73.78  60.75  17.26  18.11  38.08  27.80  19.42   9.06   0.00  16.28  38.91  49.66  55.08  50.01  67.19  50.12  60.84  40.20  31.30  42.80  44.72  31.32  12.73  26.42  21.10  31.58  23.71  55.01  66.12  74.43  83.65  74.67  44.05  48.84  46.17  54.82  73.36  27.29  25.24  25.08  27.20  46.87  50.00  62.01  56.40  47.38  60.21  44.72  35.17  30.46  20.25  24.21  15.81  49.09  32.14  64.50  17.89  19.03  21.59  24.19  21.10  24.02  18.11  18.44  23.19  15.81
  44   31.89  46.10  24.19  53.82  44.41  16.49  21.26  37.11  29.02  63.66  49.77  51.79  44.29  21.95   5.66  21.02   6.08  17.09  27.51  46.17  61.29  34.53  34.23  44.91  57.94  54.33  37.58  35.38  37.80  59.94  54.38  42.94  60.01  56.64  67.80  72.84  46.87  10.82  10.82  49.04  31.02  31.78  13.15  16.28   0.00  24.52  35.17  42.11  38.05  54.23  48.84  58.14  33.12  31.06  48.38  52.77  42.05  21.10  27.73  14.14  20.88  10.05  45.88  57.28  63.13  81.06  70.18  56.72  51.48  42.01  49.40  70.94  36.06  33.14  35.01  38.12  47.20  51.04  62.80  57.20  50.54  59.46  33.24  23.19  17.00   9.43   8.06  17.46  40.85  25.81  56.65   6.40  13.60  12.21  19.85  17.20  17.03  15.65  10.63  15.00   8.06
  45   29.15  36.69  35.81  49.50  52.20  12.04  20.62  18.44   6.40  53.71  32.56  30.41  44.10  27.29  29.41  40.80  18.44   8.06  14.14  23.77  47.43  42.95  48.01  59.08  59.08  61.68  39.81  29.07  35.01  58.14  40.50  28.65  42.45  49.04  61.40  63.07  22.36  22.80  33.02  59.93  36.40  47.51  31.62  38.91  24.52   0.00  10.77  18.11  15.65  30.00  41.98  47.42  21.59  31.78  51.79  58.94  53.71  36.77  32.31  20.52  11.70  15.23  26.91  37.44  40.02  68.24  55.44  69.35  50.01  32.28  35.85  59.17  46.53  43.42  47.17  50.77  43.19  47.27  56.75  51.97  50.01  51.55  12.73   8.06   8.60  18.87  20.10  29.73  24.41  20.22  38.29  21.02  22.63  18.44  22.83  23.60  19.42  25.50  21.40  18.44  23.32
  46   35.47  39.01  45.28  53.08  59.94  22.20  29.21  18.11   9.43  54.34  30.46  24.76  49.73  36.24  40.16  51.31  29.12  18.25  19.70  17.69  46.24  51.31  57.38  68.25  64.33  68.94  46.62  33.96  40.52  62.29  39.85  29.27  39.12  51.16  63.39  63.32  12.00  33.29  43.10  68.26  44.42  57.28  42.19  49.66  35.17  10.77   0.00  10.00  11.70  20.40  45.01  48.05  25.50  38.91  58.19  65.92  62.43  46.86  40.50  30.61  20.52  26.00  24.17  32.65  31.78  66.64  53.24  77.94  54.74  35.01  35.90  58.52  55.22  52.20  56.22  59.82  47.38  51.24  59.14  55.00  55.11  53.34  13.04  16.28  19.24  29.53  30.07  39.70  24.33  27.29  34.67  31.78  32.80  28.84  31.89  33.24  29.00  35.47  31.91  28.43  34.00
  47   34.21  33.73  47.43  48.27  59.20  26.93  31.06  13.42  13.15  47.17  22.36  15.00  46.96  38.01  46.53  55.54  36.06  26.17  20.00   8.06  38.08  51.62  59.03  69.35  60.75  67.42  45.22  31.38  38.08  57.72  32.25  23.35  29.97  45.18  57.01  55.73   7.21  37.95  51.09  68.12  44.55  59.64  46.82  55.08  42.11  18.11  10.00   0.00   6.40  12.17  40.02  41.05  23.02  38.29  55.95  64.14  62.94  50.12  41.04  34.54  23.77  32.25  16.12  23.02  22.14  57.94  44.38  77.99  50.92  30.36  29.00  50.45  55.87  53.08  57.38  60.88  43.32  46.84  53.15  49.65  51.62  47.04  11.40  19.92  25.18  34.93  38.21  42.94  18.44  27.66  25.50  37.66  36.77  33.53  34.13  36.24  32.20  38.91  36.69  32.31  39.29
  48   27.80  28.16  41.34  42.58  52.80  22.09  25.06   7.28   9.49  42.76  18.79  14.76  40.72  31.91  42.05  49.98  32.14  23.41  13.89   8.25  34.54  45.25  52.80  63.03  54.71  61.06  38.83  25.06  31.76  51.97  28.16  18.00  27.80  40.00  52.09  51.66  13.60  32.76  47.68  61.72  38.18  53.54  41.48  50.01  38.05  15.65  11.70   6.40   0.00  17.46  34.37  36.50  16.64  31.89  49.65  57.80  56.57  44.28  34.71  29.12  18.44  28.02  12.53  22.02  25.08  55.01  41.68  71.59  44.92  24.52  24.33  46.82  49.52  46.75  51.09  54.56  37.36  41.00  48.00  44.18  45.54  42.05   5.39  15.03  21.10  30.15  35.17  37.16  13.00  21.40  23.43  33.06  31.32  28.44  28.18  30.46  26.57  33.24  31.58  26.93  34.37
  49   43.93  39.82  58.67  54.13  68.59  39.05  42.49  22.80  25.32  49.65  25.30  14.32  55.00  49.24  58.69  67.42  48.17  38.01  31.30  12.04  39.12  61.85  69.89  79.81  67.60  76.06  54.45  40.31  46.75  63.56  34.93  29.68  29.02  49.65  60.42  57.08   8.94  50.00  63.01  77.79  54.82  70.83  58.82  67.19  54.23  30.00  20.40  12.17  17.46   0.00  46.07  44.15  32.65  48.27  64.20  72.62  73.11  61.74  51.61  46.49  35.74  44.41  20.59  21.02  12.73  56.72  43.29  87.69  57.80  37.44  33.24  51.00  66.22  63.60  68.01  71.40  50.25  53.24  57.28  54.78  58.83  50.96  22.85  32.02  37.34  47.07  50.04  54.63  25.61  38.59  25.02  49.82  48.70  45.61  45.62  47.93  44.01  50.70  48.76  44.27  51.42
  50   16.97   6.32  32.31   8.25  28.16  36.24  27.80  27.17  37.22  15.26  21.40  32.45  12.37  27.80  48.92  45.31  45.80  45.31  27.89  34.54  18.11  27.07  37.05  42.76  21.63  32.45  17.12  13.89  11.66  17.72  14.76  16.76  25.06   7.81  19.70  24.08  46.84  38.18  59.40  37.34  23.09  40.31  41.88  50.12  48.84  41.98  45.01  40.02  34.37  46.07   0.00  11.18  20.40  18.87  20.59  28.84  35.51  38.08  23.71  34.71  32.70  41.88  25.50  29.73  43.86  33.54  26.08  46.52  12.04  10.00  13.45  23.26  31.00  30.15  34.01  36.06   5.39   7.21  14.87  10.05  13.45  10.63  32.00  34.48  39.40  39.82  51.87  34.67  21.59  24.19  25.61  42.52  35.36  37.01  29.00  31.83  32.02  34.06  38.21  34.21  41.01
  51   26.93  12.04  43.32  14.32  38.47  44.05  36.88  30.08  41.79   6.32  19.10  29.83  23.02  38.08  58.82  56.30  54.45  52.15  34.13  34.06   8.06  38.21  48.17  53.34  28.02  41.23  28.28  22.80  22.47  21.93   9.22  18.97  17.80   7.21  16.28  15.65  47.04  47.80  68.88  47.30  34.21  51.48  52.35  60.84  58.14  47.42  48.05  41.05  36.50  44.15  11.18   0.00  26.63  29.55  30.08  37.70  46.17  49.04  34.54  44.05  40.00  50.25  25.00  24.60  38.95  23.02  15.00  55.97  20.25  16.28  12.17  12.81  42.05  41.30  45.10  47.00  16.00  15.52  13.42  12.81  22.14   7.21  35.74  40.82  46.62  48.84  60.21  45.18  23.77  32.53  20.12  51.74  45.00  46.01  38.60  41.62  41.11  44.10  47.63  43.19  50.61
  52   11.31  15.23  27.20  28.07  36.24  17.69  13.15   9.90  17.00  32.76  17.26  23.09  24.35  18.25  35.11  38.12  28.60  25.55   7.62  20.81  28.43  29.21  37.59  47.20  38.83  44.42  22.20   8.54  15.23  37.01  21.40   9.85  27.20  27.51  39.85  42.19  30.23  24.04  43.91  45.28  22.20  39.00  31.14  40.20  33.12  21.59  25.50  23.02  16.64  32.65  20.40  26.63   0.00  15.62  33.11  41.18  40.46  31.40  19.24  19.92  13.45  24.21  15.30  26.00  36.06  48.80  37.20  55.17  29.27  10.77  16.40  39.05  33.60  31.06  35.51  38.83  22.02  26.00  35.17  30.41  29.61  30.08  12.65  14.32  20.00  23.71  33.97  25.02   9.06   8.06  24.33  26.83  21.59  21.02  16.03  19.10  16.76  22.09  23.41  18.38  26.57
  53    4.47  18.44  14.14  22.80  21.10  22.02  12.04  25.50  29.55  34.13  29.83  38.01  13.60   9.22  30.41  26.93  29.15  32.02  19.24  36.40  34.93  13.60  22.47  31.62  28.28  30.08   8.06   9.22   7.21  29.15  29.15  21.84  38.05  26.40  36.88  42.80  45.45  20.25  41.23  29.83   6.71  24.52  23.02  31.30  31.06  31.78  38.91  38.29  31.89  48.27  18.87  29.55  15.62   0.00  20.10  27.20  24.84  19.65   5.10  17.46  20.22  25.96  29.97  39.29  50.99  52.35  43.68  39.70  20.62  16.00  25.00  42.06  18.03  15.65  20.12  23.32  16.28  20.00  31.89  26.25  19.92  29.21  27.20  23.77  26.00  22.85  35.47  15.81  23.71  11.70  36.50  25.06  17.49  20.25  11.70  13.89  15.52  15.62  20.59  17.72  23.02
  54   22.80  25.61  25.06  16.12   9.22  42.01  32.02  42.54  49.04  31.06  41.11  51.62   9.22  27.29  46.10  36.12  47.85  52.01  38.60  52.20  37.95  15.00  22.47  24.08  10.00  12.04  12.04  24.60  17.89  14.76  35.36  34.71  45.65  23.35  27.20  36.50  63.13  38.08  57.27  17.26  17.46  26.63  37.12  42.80  48.38  51.79  58.19  55.95  49.65  64.20  20.59  30.08  33.11  20.10   0.00   8.49  17.46  30.23  21.21  36.35  40.31  45.28  43.93  50.00  63.78  48.26  44.72  26.00  10.05  26.91  33.60  39.00  16.40  17.69  19.42  19.70  15.26  14.56  23.35  19.00   8.06  25.08  45.69  43.74  46.04  41.59  54.13  31.02  38.60  31.58  46.04  43.17  35.69  39.32  31.06  32.39  35.06  32.98  38.83  37.12  40.52
