0 53.7401 55.8032 31.9061 18.4391 31.0161 54.037 37.6563 31.6228 31.5753 23.2594 
53.7401 0 109.225 23.7065 65.5134 49.8197 72.111 87.4643 67.0522 32.7567 32.7567 
55.8032 109.225 0 86.2786 45.8039 77.201 75.8024 38.2099 54.4243 81.8352 78.7718 
31.9061 23.7065 86.2786 0 41.8808 39.8497 53.1601 68.352 43.9318 11.7047 17.4642 
18.4391 65.5134 45.8039 41.8808 0 49.3356 41.2311 42.45 16.1245 36.1248 39.4588 
31.0161 49.8197 77.201 39.8497 49.3356 0 82.3286 44.4072 62.1772 47.8853 22.4722 
54.037 72.111 75.8024 53.1601 41.2311 82.3286 0 83.4865 25.2982 41.4849 63.6318 
37.6563 87.4643 38.2099 68.352 42.45 44.4072 83.4865 0 58.1893 69.2315 54.7083 
31.6228 67.0522 54.4243 43.9318 16.1245 62.1772 25.2982 58.1893 0 34.5398 47.676 
31.5753 32.7567 81.8352 11.7047 36.1248 47.8853 41.4849 69.2315 34.5398 0 25.807 
23.2594 32.7567 78.7718 17.4642 39.4588 22.4722 63.6318 54.7083 47.676 25.807 0 
Route 1: 0 10 5 7 2 0 
Load: 10, Duration: 184.152
Route 2: 0 4 8 6 0 
Load: 7, Duration: 113.899
Route 3: 0 9 3 1 0 
Load: 8, Duration: 120.727
Arrival Times: 86.9865 158.349 53.28 18.4391 55.7316 79.8618 110.139 44.5636 31.5753 23.2594 
